
Original 

 0.0114 | 0.0198 | 0.3194 | 0.9605 | 0.9791 
 0.0114 | 0.0137 | 0.3966 | 0.9741 | 0.9848
 0.0042 | 0.0167 | 0.2346 | 0.9764 | 0.9837
 0.0122 | 0.0156 | 0.1175 | 0.9768 | 0.9837 
 0.0099 | 0.0205 | 0.2065 | 0.8935 | 0.9715

 A
0.0717 | 0.0922 | 0.4667 | 0.9023 | 0.9581
0.0285 | 0.0902 | 0.4852 | 0.9109 | 0.9625
0.0641 | 0.0907 | 0.4104 | 0.9279 | 0.9708 
0.0292 | 0.0644 | 0.4042 | 0.9335 | 0.9699
0.0536 | 0.0735 | 0.3155 | 0.8401 | 0.9544 

G
 0.0413 | 0.1642 | 0.4731 | 0.9040 | 0.9672
 0.0673 | 0.0793 | 0.5012 | 0.9274 | 0.9739 
 0.0439 | 0.1244 | 0.4637 | 0.9371 | 0.9778
 0.0410 | 0.0878 | 0.4394 | 0.9435 | 0.9766
 0.0893 | 0.2078 | 0.3844 | 0.8170 | 0.9467

R
0.0328 | 0.0468 | 0.2564 | 0.9049 | 0.9690
0.0404 | 0.0597 | 0.2834 | 0.9280 | 0.9783
0.0518 | 0.0688 | 0.2547 | 0.9350 | 0.9783
0.0334 | 0.0752 | 0.3159 | 0.9479 | 0.9795
0.0544 | 0.0641 | 0.2910 | 0.8165 | 0.9602

 A_G

0.0354 | 0.0611 | 0.3415 | 0.8991 | 0.9636 
0.0214 | 0.0531 | 0.3302 | 0.9107 | 0.9662
0.0400 | 0.0560 | 0.2392 | 0.9319 | 0.9735 
0.0293 | 0.0518 | 0.2669 | 0.9330 | 0.9719
0.0475 | 0.0813 | 0.2522 | 0.8414 | 0.9577 


A_R
0.0269 | 0.0699 | 0.2931 | 0.9065 | 0.9687
0.0025 | 0.0466 | 0.2517 | 0.9232 | 0.9720 
0.0280 | 0.0598 | 0.2547 | 0.9375 | 0.9742
0.0239 | 0.0548 | 0.2221 | 0.9356 | 0.9770
0.0302 | 0.1091 | 0.2339 | 0.8412 | 0.9542 

G_R
0.0082 | 0.0228 | 0.2898 | 0.8741 | 0.9567
0.0014 | 0.0644 | 0.2651 | 0.8876 | 0.9641
0.0060 | 0.0285 | 0.3386 | 0.9076 | 0.9644
0.0019 | 0.0151 | 0.3285 | 0.9112 | 0.9704
0.0027 | 0.0510 | 0.3066 | 0.7908 | 0.9432 


A_G_R

0.0261 | 0.0410 | 0.3121 | 0.8675 | 0.9560 
0.0071 | 0.0204 | 0.1681 | 0.8824 | 0.9661 
0.0198 | 0.0369 | 0.2064 | 0.9112 | 0.9696
0.0166 | 0.0337 | 0.1358 | 0.9123 | 0.9701
0.0274 | 0.0424 | 0.2061 | 0.7993 | 0.9476


DP
0.0012 | 0.0032 | 0.0100 | 0.0523 | 0.2369
0.0004 | 0.0028 | 0.0143 | 0.0606 | 0.2469
0.0005 | 0.0035 | 0.0142 | 0.0678 | 0.2658
0.0001 | 0.0049 | 0.0159 | 0.0575 | 0.2388
0.0003 | 0.0039 | 0.0222 | 0.1091 | 0.3845 

Masic









